{
 "cells": [
  {
   "cell_type": "code",
   "execution_count": 2,
   "metadata": {},
   "outputs": [],
   "source": [
    "# libraries\n",
    "import numpy as np\n",
    "import pandas as pd\n",
    "import matplotlib.pyplot as plt\n",
    "import seaborn as sns\n",
    "\n",
    "from IPython.display import display,HTML\n",
    "\n",
    "import ssl\n",
    "ssl._create_default_https_context = ssl._create_unverified_context"
   ]
  },
  {
   "cell_type": "code",
   "execution_count": 50,
   "metadata": {},
   "outputs": [
    {
     "name": "stdout",
     "output_type": "stream",
     "text": [
      "shape of the dataset:  (7647, 21)\n",
      "<class 'pandas.core.frame.DataFrame'>\n",
      "RangeIndex: 7647 entries, 0 to 7646\n",
      "Data columns (total 21 columns):\n",
      " #   Column      Non-Null Count  Dtype         \n",
      "---  ------      --------------  -----         \n",
      " 0   ID          7647 non-null   int64         \n",
      " 1   KIDSDRIV    7647 non-null   int64         \n",
      " 2   BIRTH       7647 non-null   datetime64[ns]\n",
      " 3   HOMEKIDS    7647 non-null   int64         \n",
      " 4   YOJ         7647 non-null   int64         \n",
      " 5   INCOME      7647 non-null   int64         \n",
      " 6   PARENT1     7647 non-null   object        \n",
      " 7   HOME_VAL    7647 non-null   int64         \n",
      " 8   MSTATUS     7647 non-null   object        \n",
      " 9   GENDER      7647 non-null   object        \n",
      " 10  EDUCATION   7647 non-null   object        \n",
      " 11  OCCUPATION  7647 non-null   object        \n",
      " 12  TRAVTIME    7647 non-null   int64         \n",
      " 13  CAR_USE     7647 non-null   object        \n",
      " 14  BLUEBOOK    7647 non-null   int64         \n",
      " 15  CAR_TYPE    7647 non-null   object        \n",
      " 16  OLDCLAIM    7647 non-null   int64         \n",
      " 17  CLM_FREQ    7647 non-null   int64         \n",
      " 18  CLM_AMT     7647 non-null   int64         \n",
      " 19  CAR_AGE     7647 non-null   int64         \n",
      " 20  URBANICITY  7647 non-null   object        \n",
      "dtypes: datetime64[ns](1), int64(12), object(8)\n",
      "memory usage: 1.2+ MB\n"
     ]
    }
   ],
   "source": [
    "# load the dataset\n",
    "df = pd.read_excel('Car_Claims_Insurance.xlsx',sheet_name=0)\n",
    "print('shape of the dataset: ',df.shape)\n",
    "\n",
    "# display settings\n",
    "pd.set_option('display.max_columns',df.shape[1])\n",
    "pd.set_option('display.max_rows',df.shape[0])\n",
    "\n",
    "df.info()\n",
    "\n",
    "# description\n",
    "des = pd.read_excel('Car_Claims_Insurance.xlsx',sheet_name=1)\n",
    "\n",
    "# categorical vs numerical\n",
    "cat = df.columns[df.dtypes == 'object']\n",
    "num = df.columns[df.dtypes == 'int64']\n",
    "dt = df.columns[df.dtypes == 'datetime64[ns]']"
   ]
  },
  {
   "cell_type": "code",
   "execution_count": 51,
   "metadata": {},
   "outputs": [
    {
     "data": {
      "text/plain": [
       "Index(['ID', 'KIDSDRIV', 'BIRTH', 'HOMEKIDS', 'YOJ', 'INCOME', 'PARENT1',\n",
       "       'HOME_VAL', 'MSTATUS', 'GENDER', 'EDUCATION', 'OCCUPATION', 'TRAVTIME',\n",
       "       'CAR_USE', 'BLUEBOOK', 'CAR_TYPE', 'OLDCLAIM', 'CLM_FREQ', 'CLM_AMT',\n",
       "       'CAR_AGE', 'URBANICITY'],\n",
       "      dtype='object')"
      ]
     },
     "execution_count": 51,
     "metadata": {},
     "output_type": "execute_result"
    }
   ],
   "source": [
    "# dataset features\n",
    "df.columns"
   ]
  },
  {
   "cell_type": "code",
   "execution_count": null,
   "metadata": {},
   "outputs": [],
   "source": [
    "# display nulls\n",
    "df.isna().sum() # there are no nulls\n",
    "\n",
    "# there are no repeatative variable shown\n",
    "df['ID'].is_unique\n"
   ]
  },
  {
   "cell_type": "code",
   "execution_count": 16,
   "metadata": {},
   "outputs": [
    {
     "data": {
      "text/html": [
       "<div>\n",
       "<style scoped>\n",
       "    .dataframe tbody tr th:only-of-type {\n",
       "        vertical-align: middle;\n",
       "    }\n",
       "\n",
       "    .dataframe tbody tr th {\n",
       "        vertical-align: top;\n",
       "    }\n",
       "\n",
       "    .dataframe thead th {\n",
       "        text-align: right;\n",
       "    }\n",
       "</style>\n",
       "<table border=\"1\" class=\"dataframe\">\n",
       "  <thead>\n",
       "    <tr style=\"text-align: right;\">\n",
       "      <th></th>\n",
       "      <th>ID</th>\n",
       "      <th>KIDSDRIV</th>\n",
       "      <th>BIRTH</th>\n",
       "      <th>HOMEKIDS</th>\n",
       "      <th>YOJ</th>\n",
       "      <th>INCOME</th>\n",
       "      <th>PARENT1</th>\n",
       "      <th>HOME_VAL</th>\n",
       "      <th>MSTATUS</th>\n",
       "      <th>GENDER</th>\n",
       "      <th>EDUCATION</th>\n",
       "      <th>OCCUPATION</th>\n",
       "      <th>TRAVTIME</th>\n",
       "      <th>CAR_USE</th>\n",
       "      <th>BLUEBOOK</th>\n",
       "      <th>CAR_TYPE</th>\n",
       "      <th>OLDCLAIM</th>\n",
       "      <th>CLM_FREQ</th>\n",
       "      <th>CLM_AMT</th>\n",
       "      <th>CAR_AGE</th>\n",
       "      <th>URBANICITY</th>\n",
       "    </tr>\n",
       "  </thead>\n",
       "  <tbody>\n",
       "    <tr>\n",
       "      <th>7294</th>\n",
       "      <td>960439876</td>\n",
       "      <td>0</td>\n",
       "      <td>1958-10-09</td>\n",
       "      <td>3</td>\n",
       "      <td>16</td>\n",
       "      <td>18351</td>\n",
       "      <td>No</td>\n",
       "      <td>0</td>\n",
       "      <td>Yes</td>\n",
       "      <td>F</td>\n",
       "      <td>High School</td>\n",
       "      <td>Student</td>\n",
       "      <td>30</td>\n",
       "      <td>Commercial</td>\n",
       "      <td>11720</td>\n",
       "      <td>Pickup</td>\n",
       "      <td>0</td>\n",
       "      <td>0</td>\n",
       "      <td>0</td>\n",
       "      <td>6</td>\n",
       "      <td>Highly Urban/ Urban</td>\n",
       "    </tr>\n",
       "    <tr>\n",
       "      <th>5299</th>\n",
       "      <td>725637040</td>\n",
       "      <td>1</td>\n",
       "      <td>1954-06-29</td>\n",
       "      <td>2</td>\n",
       "      <td>9</td>\n",
       "      <td>683</td>\n",
       "      <td>No</td>\n",
       "      <td>61630</td>\n",
       "      <td>Yes</td>\n",
       "      <td>F</td>\n",
       "      <td>High School</td>\n",
       "      <td>Student</td>\n",
       "      <td>60</td>\n",
       "      <td>Commercial</td>\n",
       "      <td>19090</td>\n",
       "      <td>SUV</td>\n",
       "      <td>2279</td>\n",
       "      <td>1</td>\n",
       "      <td>1326</td>\n",
       "      <td>1</td>\n",
       "      <td>Highly Urban/ Urban</td>\n",
       "    </tr>\n",
       "    <tr>\n",
       "      <th>4790</th>\n",
       "      <td>664139796</td>\n",
       "      <td>0</td>\n",
       "      <td>1961-03-04</td>\n",
       "      <td>0</td>\n",
       "      <td>12</td>\n",
       "      <td>21119</td>\n",
       "      <td>No</td>\n",
       "      <td>136098</td>\n",
       "      <td>No</td>\n",
       "      <td>M</td>\n",
       "      <td>&lt;High School</td>\n",
       "      <td>Blue Collar</td>\n",
       "      <td>24</td>\n",
       "      <td>Commercial</td>\n",
       "      <td>12180</td>\n",
       "      <td>Pickup</td>\n",
       "      <td>3252</td>\n",
       "      <td>3</td>\n",
       "      <td>3931</td>\n",
       "      <td>4</td>\n",
       "      <td>Highly Urban/ Urban</td>\n",
       "    </tr>\n",
       "    <tr>\n",
       "      <th>5859</th>\n",
       "      <td>795372268</td>\n",
       "      <td>1</td>\n",
       "      <td>1959-03-22</td>\n",
       "      <td>2</td>\n",
       "      <td>10</td>\n",
       "      <td>56335</td>\n",
       "      <td>No</td>\n",
       "      <td>204619</td>\n",
       "      <td>Yes</td>\n",
       "      <td>F</td>\n",
       "      <td>Bachelors</td>\n",
       "      <td>Clerical</td>\n",
       "      <td>37</td>\n",
       "      <td>Private</td>\n",
       "      <td>14270</td>\n",
       "      <td>SUV</td>\n",
       "      <td>0</td>\n",
       "      <td>0</td>\n",
       "      <td>0</td>\n",
       "      <td>10</td>\n",
       "      <td>Highly Urban/ Urban</td>\n",
       "    </tr>\n",
       "    <tr>\n",
       "      <th>2226</th>\n",
       "      <td>362689784</td>\n",
       "      <td>0</td>\n",
       "      <td>1965-07-23</td>\n",
       "      <td>3</td>\n",
       "      <td>11</td>\n",
       "      <td>2785</td>\n",
       "      <td>No</td>\n",
       "      <td>0</td>\n",
       "      <td>Yes</td>\n",
       "      <td>F</td>\n",
       "      <td>High School</td>\n",
       "      <td>Student</td>\n",
       "      <td>24</td>\n",
       "      <td>Commercial</td>\n",
       "      <td>1780</td>\n",
       "      <td>Sports Car</td>\n",
       "      <td>2989</td>\n",
       "      <td>3</td>\n",
       "      <td>0</td>\n",
       "      <td>3</td>\n",
       "      <td>Highly Urban/ Urban</td>\n",
       "    </tr>\n",
       "  </tbody>\n",
       "</table>\n",
       "</div>"
      ],
      "text/plain": [
       "             ID  KIDSDRIV      BIRTH  HOMEKIDS  YOJ  INCOME PARENT1  HOME_VAL  \\\n",
       "7294  960439876         0 1958-10-09         3   16   18351      No         0   \n",
       "5299  725637040         1 1954-06-29         2    9     683      No     61630   \n",
       "4790  664139796         0 1961-03-04         0   12   21119      No    136098   \n",
       "5859  795372268         1 1959-03-22         2   10   56335      No    204619   \n",
       "2226  362689784         0 1965-07-23         3   11    2785      No         0   \n",
       "\n",
       "     MSTATUS GENDER     EDUCATION   OCCUPATION  TRAVTIME     CAR_USE  \\\n",
       "7294     Yes      F   High School      Student        30  Commercial   \n",
       "5299     Yes      F   High School      Student        60  Commercial   \n",
       "4790      No      M  <High School  Blue Collar        24  Commercial   \n",
       "5859     Yes      F     Bachelors     Clerical        37     Private   \n",
       "2226     Yes      F   High School      Student        24  Commercial   \n",
       "\n",
       "      BLUEBOOK    CAR_TYPE  OLDCLAIM  CLM_FREQ  CLM_AMT  CAR_AGE  \\\n",
       "7294     11720      Pickup         0         0        0        6   \n",
       "5299     19090         SUV      2279         1     1326        1   \n",
       "4790     12180      Pickup      3252         3     3931        4   \n",
       "5859     14270         SUV         0         0        0       10   \n",
       "2226      1780  Sports Car      2989         3        0        3   \n",
       "\n",
       "               URBANICITY  \n",
       "7294  Highly Urban/ Urban  \n",
       "5299  Highly Urban/ Urban  \n",
       "4790  Highly Urban/ Urban  \n",
       "5859  Highly Urban/ Urban  \n",
       "2226  Highly Urban/ Urban  "
      ]
     },
     "metadata": {},
     "output_type": "display_data"
    }
   ],
   "source": [
    "# display the samples of the dataset\n",
    "display(df.iloc[np.random.randint(0,df.shape[0],5)])"
   ]
  },
  {
   "cell_type": "code",
   "execution_count": 36,
   "metadata": {},
   "outputs": [
    {
     "name": "stdout",
     "output_type": "stream",
     "text": [
      "ID                   : Identification Variable\n",
      "KIDSDRIV             : Number of teenagers among the car owner's children who can drive a car. \n",
      "BIRTH                : Date of birth of the driver\n",
      "HOMEKIDS             : No of childern the car owner has\n",
      "YOJ                  : Years on Job. How many years has the owner of the car been working?\n",
      "INCOME               : Income of the driver\n",
      "PARENT1              : Is the car owner a Single Parent\n",
      "HOME_VAL             : Value of the house owned by the car owner\n",
      "MSTATUS              : Marital status of the car owner\n",
      "GENDER               : Gender of the driver\n",
      "EDUCATION            : Maximum Education level of the driver\n",
      "OCCUPATION           : Occupation of the driver\n",
      "TRAVTIME             : Time taken to get to work on an average\n",
      "CAR_USE              : Purpose of using the car\n",
      "BLUEBOOK             : What is the worth of the car. Value of the Vehicle(in dollars)\n",
      "CAR_TYPE             : Car type\n",
      "OLDCLAIM             : Total claim (in past 5 years - in dollars)\n",
      "CLM_FREQ             : Number of claims (in past 5 years)\n",
      "CLM_AMT              : If car was in a crash, what is the currently claimed amount(in dollars)\n",
      "CAR_AGE              : Age of car\n",
      "URBANICITY           : Where the car is being driven primarily\n"
     ]
    }
   ],
   "source": [
    "# description\n",
    "for i in des.iterrows():\n",
    "    leng = ' ' * abs(20-len(i[1][0])) if len(i[1][0]) < 40 else ' '*20  # spacing\n",
    "    print(f'{i[1][0]} {leng}: {i[1][1]}')"
   ]
  },
  {
   "cell_type": "code",
   "execution_count": 53,
   "metadata": {},
   "outputs": [
    {
     "data": {
      "text/plain": [
       "Index(['PARENT1', 'MSTATUS', 'GENDER', 'EDUCATION', 'OCCUPATION', 'CAR_USE',\n",
       "       'CAR_TYPE', 'URBANICITY'],\n",
       "      dtype='object')"
      ]
     },
     "metadata": {},
     "output_type": "display_data"
    },
    {
     "data": {
      "text/plain": [
       "Index(['ID', 'KIDSDRIV', 'HOMEKIDS', 'YOJ', 'INCOME', 'HOME_VAL', 'TRAVTIME',\n",
       "       'BLUEBOOK', 'OLDCLAIM', 'CLM_FREQ', 'CLM_AMT', 'CAR_AGE'],\n",
       "      dtype='object')"
      ]
     },
     "metadata": {},
     "output_type": "display_data"
    },
    {
     "data": {
      "text/plain": [
       "Index(['BIRTH'], dtype='object')"
      ]
     },
     "metadata": {},
     "output_type": "display_data"
    },
    {
     "name": "stdout",
     "output_type": "stream",
     "text": [
      "PARENT1 ['Yes' 'No']\n",
      "MSTATUS ['No' 'Yes']\n",
      "GENDER ['F' 'M']\n",
      "EDUCATION ['Masters' 'Bachelors' 'PhD' 'High School' '<High School']\n",
      "OCCUPATION ['Manager' 'Blue Collar' 'Home Maker' 'Clerical' 'Lawyer' 'Student'\n",
      " 'Professional' 'Doctor']\n",
      "CAR_USE ['Private' 'Commercial']\n",
      "CAR_TYPE ['SUV' 'Panel Truck' 'Minivan' 'Pickup' 'Van' 'Sports Car']\n",
      "URBANICITY ['Highly Urban/ Urban' 'Highly Rural/ Rural']\n"
     ]
    }
   ],
   "source": [
    "# category\n",
    "display(cat)\n",
    "display(num)\n",
    "display(dt)\n",
    "\n",
    "# category encoding\n",
    "for i in cat:\n",
    "    print(i,df[i].unique())"
   ]
  },
  {
   "cell_type": "code",
   "execution_count": null,
   "metadata": {},
   "outputs": [],
   "source": [
    "# feature-engineering\n",
    "'''\n",
    "- KIDSDRIV and HOMEKIDS  have some sort of relationship or we can say HOMEKIDS are grownup to drive a car\n",
    "    - HOMEKIDS / KIDSDRIV (tells us the kids are remaining to growup to drive a car or some hypothetical situation these kids are able to drive car(rarest case))\n",
    "- \n",
    "'''"
   ]
  },
  {
   "cell_type": "code",
   "execution_count": 37,
   "metadata": {},
   "outputs": [
    {
     "name": "stderr",
     "output_type": "stream",
     "text": [
      "/var/folders/tr/hl1sry310tqd2k3122r_cr9w0000gn/T/ipykernel_15813/1134722465.py:1: FutureWarning: The default value of numeric_only in DataFrame.corr is deprecated. In a future version, it will default to False. Select only valid columns or specify the value of numeric_only to silence this warning.\n",
      "  df.corr()\n"
     ]
    },
    {
     "data": {
      "text/html": [
       "<div>\n",
       "<style scoped>\n",
       "    .dataframe tbody tr th:only-of-type {\n",
       "        vertical-align: middle;\n",
       "    }\n",
       "\n",
       "    .dataframe tbody tr th {\n",
       "        vertical-align: top;\n",
       "    }\n",
       "\n",
       "    .dataframe thead th {\n",
       "        text-align: right;\n",
       "    }\n",
       "</style>\n",
       "<table border=\"1\" class=\"dataframe\">\n",
       "  <thead>\n",
       "    <tr style=\"text-align: right;\">\n",
       "      <th></th>\n",
       "      <th>ID</th>\n",
       "      <th>KIDSDRIV</th>\n",
       "      <th>HOMEKIDS</th>\n",
       "      <th>YOJ</th>\n",
       "      <th>INCOME</th>\n",
       "      <th>HOME_VAL</th>\n",
       "      <th>TRAVTIME</th>\n",
       "      <th>BLUEBOOK</th>\n",
       "      <th>OLDCLAIM</th>\n",
       "      <th>CLM_FREQ</th>\n",
       "      <th>CLM_AMT</th>\n",
       "      <th>CAR_AGE</th>\n",
       "    </tr>\n",
       "  </thead>\n",
       "  <tbody>\n",
       "    <tr>\n",
       "      <th>ID</th>\n",
       "      <td>1.000000</td>\n",
       "      <td>-0.007240</td>\n",
       "      <td>0.002972</td>\n",
       "      <td>-0.005632</td>\n",
       "      <td>-0.013396</td>\n",
       "      <td>-0.020767</td>\n",
       "      <td>0.000688</td>\n",
       "      <td>-0.017396</td>\n",
       "      <td>0.009016</td>\n",
       "      <td>-0.007586</td>\n",
       "      <td>-0.005248</td>\n",
       "      <td>-0.025186</td>\n",
       "    </tr>\n",
       "    <tr>\n",
       "      <th>KIDSDRIV</th>\n",
       "      <td>-0.007240</td>\n",
       "      <td>1.000000</td>\n",
       "      <td>0.456809</td>\n",
       "      <td>0.048353</td>\n",
       "      <td>-0.031293</td>\n",
       "      <td>-0.007826</td>\n",
       "      <td>0.008456</td>\n",
       "      <td>-0.014851</td>\n",
       "      <td>0.020866</td>\n",
       "      <td>0.043093</td>\n",
       "      <td>0.049594</td>\n",
       "      <td>-0.047682</td>\n",
       "    </tr>\n",
       "    <tr>\n",
       "      <th>HOMEKIDS</th>\n",
       "      <td>0.002972</td>\n",
       "      <td>0.456809</td>\n",
       "      <td>1.000000</td>\n",
       "      <td>0.081141</td>\n",
       "      <td>-0.153843</td>\n",
       "      <td>-0.107719</td>\n",
       "      <td>-0.006832</td>\n",
       "      <td>-0.094634</td>\n",
       "      <td>0.031577</td>\n",
       "      <td>0.042927</td>\n",
       "      <td>0.061598</td>\n",
       "      <td>-0.161890</td>\n",
       "    </tr>\n",
       "    <tr>\n",
       "      <th>YOJ</th>\n",
       "      <td>-0.005632</td>\n",
       "      <td>0.048353</td>\n",
       "      <td>0.081141</td>\n",
       "      <td>1.000000</td>\n",
       "      <td>0.307222</td>\n",
       "      <td>0.279860</td>\n",
       "      <td>-0.014612</td>\n",
       "      <td>0.147138</td>\n",
       "      <td>-0.002470</td>\n",
       "      <td>-0.026798</td>\n",
       "      <td>-0.022081</td>\n",
       "      <td>0.055614</td>\n",
       "    </tr>\n",
       "    <tr>\n",
       "      <th>INCOME</th>\n",
       "      <td>-0.013396</td>\n",
       "      <td>-0.031293</td>\n",
       "      <td>-0.153843</td>\n",
       "      <td>0.307222</td>\n",
       "      <td>1.000000</td>\n",
       "      <td>0.593144</td>\n",
       "      <td>-0.047721</td>\n",
       "      <td>0.395341</td>\n",
       "      <td>-0.036346</td>\n",
       "      <td>-0.063662</td>\n",
       "      <td>-0.061950</td>\n",
       "      <td>0.392598</td>\n",
       "    </tr>\n",
       "    <tr>\n",
       "      <th>HOME_VAL</th>\n",
       "      <td>-0.020767</td>\n",
       "      <td>-0.007826</td>\n",
       "      <td>-0.107719</td>\n",
       "      <td>0.279860</td>\n",
       "      <td>0.593144</td>\n",
       "      <td>1.000000</td>\n",
       "      <td>-0.027508</td>\n",
       "      <td>0.257302</td>\n",
       "      <td>-0.054384</td>\n",
       "      <td>-0.102706</td>\n",
       "      <td>-0.102684</td>\n",
       "      <td>0.219651</td>\n",
       "    </tr>\n",
       "    <tr>\n",
       "      <th>TRAVTIME</th>\n",
       "      <td>0.000688</td>\n",
       "      <td>0.008456</td>\n",
       "      <td>-0.006832</td>\n",
       "      <td>-0.014612</td>\n",
       "      <td>-0.047721</td>\n",
       "      <td>-0.027508</td>\n",
       "      <td>1.000000</td>\n",
       "      <td>-0.019333</td>\n",
       "      <td>-0.019210</td>\n",
       "      <td>0.010006</td>\n",
       "      <td>0.029148</td>\n",
       "      <td>-0.024627</td>\n",
       "    </tr>\n",
       "    <tr>\n",
       "      <th>BLUEBOOK</th>\n",
       "      <td>-0.017396</td>\n",
       "      <td>-0.014851</td>\n",
       "      <td>-0.094634</td>\n",
       "      <td>0.147138</td>\n",
       "      <td>0.395341</td>\n",
       "      <td>0.257302</td>\n",
       "      <td>-0.019333</td>\n",
       "      <td>1.000000</td>\n",
       "      <td>-0.035815</td>\n",
       "      <td>-0.062992</td>\n",
       "      <td>-0.010814</td>\n",
       "      <td>0.150219</td>\n",
       "    </tr>\n",
       "    <tr>\n",
       "      <th>OLDCLAIM</th>\n",
       "      <td>0.009016</td>\n",
       "      <td>0.020866</td>\n",
       "      <td>0.031577</td>\n",
       "      <td>-0.002470</td>\n",
       "      <td>-0.036346</td>\n",
       "      <td>-0.054384</td>\n",
       "      <td>-0.019210</td>\n",
       "      <td>-0.035815</td>\n",
       "      <td>1.000000</td>\n",
       "      <td>0.493931</td>\n",
       "      <td>0.073503</td>\n",
       "      <td>-0.021551</td>\n",
       "    </tr>\n",
       "    <tr>\n",
       "      <th>CLM_FREQ</th>\n",
       "      <td>-0.007586</td>\n",
       "      <td>0.043093</td>\n",
       "      <td>0.042927</td>\n",
       "      <td>-0.026798</td>\n",
       "      <td>-0.063662</td>\n",
       "      <td>-0.102706</td>\n",
       "      <td>0.010006</td>\n",
       "      <td>-0.062992</td>\n",
       "      <td>0.493931</td>\n",
       "      <td>1.000000</td>\n",
       "      <td>0.117277</td>\n",
       "      <td>-0.029655</td>\n",
       "    </tr>\n",
       "    <tr>\n",
       "      <th>CLM_AMT</th>\n",
       "      <td>-0.005248</td>\n",
       "      <td>0.049594</td>\n",
       "      <td>0.061598</td>\n",
       "      <td>-0.022081</td>\n",
       "      <td>-0.061950</td>\n",
       "      <td>-0.102684</td>\n",
       "      <td>0.029148</td>\n",
       "      <td>-0.010814</td>\n",
       "      <td>0.073503</td>\n",
       "      <td>0.117277</td>\n",
       "      <td>1.000000</td>\n",
       "      <td>-0.077844</td>\n",
       "    </tr>\n",
       "    <tr>\n",
       "      <th>CAR_AGE</th>\n",
       "      <td>-0.025186</td>\n",
       "      <td>-0.047682</td>\n",
       "      <td>-0.161890</td>\n",
       "      <td>0.055614</td>\n",
       "      <td>0.392598</td>\n",
       "      <td>0.219651</td>\n",
       "      <td>-0.024627</td>\n",
       "      <td>0.150219</td>\n",
       "      <td>-0.021551</td>\n",
       "      <td>-0.029655</td>\n",
       "      <td>-0.077844</td>\n",
       "      <td>1.000000</td>\n",
       "    </tr>\n",
       "  </tbody>\n",
       "</table>\n",
       "</div>"
      ],
      "text/plain": [
       "                ID  KIDSDRIV  HOMEKIDS       YOJ    INCOME  HOME_VAL  \\\n",
       "ID        1.000000 -0.007240  0.002972 -0.005632 -0.013396 -0.020767   \n",
       "KIDSDRIV -0.007240  1.000000  0.456809  0.048353 -0.031293 -0.007826   \n",
       "HOMEKIDS  0.002972  0.456809  1.000000  0.081141 -0.153843 -0.107719   \n",
       "YOJ      -0.005632  0.048353  0.081141  1.000000  0.307222  0.279860   \n",
       "INCOME   -0.013396 -0.031293 -0.153843  0.307222  1.000000  0.593144   \n",
       "HOME_VAL -0.020767 -0.007826 -0.107719  0.279860  0.593144  1.000000   \n",
       "TRAVTIME  0.000688  0.008456 -0.006832 -0.014612 -0.047721 -0.027508   \n",
       "BLUEBOOK -0.017396 -0.014851 -0.094634  0.147138  0.395341  0.257302   \n",
       "OLDCLAIM  0.009016  0.020866  0.031577 -0.002470 -0.036346 -0.054384   \n",
       "CLM_FREQ -0.007586  0.043093  0.042927 -0.026798 -0.063662 -0.102706   \n",
       "CLM_AMT  -0.005248  0.049594  0.061598 -0.022081 -0.061950 -0.102684   \n",
       "CAR_AGE  -0.025186 -0.047682 -0.161890  0.055614  0.392598  0.219651   \n",
       "\n",
       "          TRAVTIME  BLUEBOOK  OLDCLAIM  CLM_FREQ   CLM_AMT   CAR_AGE  \n",
       "ID        0.000688 -0.017396  0.009016 -0.007586 -0.005248 -0.025186  \n",
       "KIDSDRIV  0.008456 -0.014851  0.020866  0.043093  0.049594 -0.047682  \n",
       "HOMEKIDS -0.006832 -0.094634  0.031577  0.042927  0.061598 -0.161890  \n",
       "YOJ      -0.014612  0.147138 -0.002470 -0.026798 -0.022081  0.055614  \n",
       "INCOME   -0.047721  0.395341 -0.036346 -0.063662 -0.061950  0.392598  \n",
       "HOME_VAL -0.027508  0.257302 -0.054384 -0.102706 -0.102684  0.219651  \n",
       "TRAVTIME  1.000000 -0.019333 -0.019210  0.010006  0.029148 -0.024627  \n",
       "BLUEBOOK -0.019333  1.000000 -0.035815 -0.062992 -0.010814  0.150219  \n",
       "OLDCLAIM -0.019210 -0.035815  1.000000  0.493931  0.073503 -0.021551  \n",
       "CLM_FREQ  0.010006 -0.062992  0.493931  1.000000  0.117277 -0.029655  \n",
       "CLM_AMT   0.029148 -0.010814  0.073503  0.117277  1.000000 -0.077844  \n",
       "CAR_AGE  -0.024627  0.150219 -0.021551 -0.029655 -0.077844  1.000000  "
      ]
     },
     "execution_count": 37,
     "metadata": {},
     "output_type": "execute_result"
    }
   ],
   "source": [
    "df.corr()"
   ]
  }
 ],
 "metadata": {
  "kernelspec": {
   "display_name": "Python 3.10.8 64-bit",
   "language": "python",
   "name": "python3"
  },
  "language_info": {
   "codemirror_mode": {
    "name": "ipython",
    "version": 3
   },
   "file_extension": ".py",
   "mimetype": "text/x-python",
   "name": "python",
   "nbconvert_exporter": "python",
   "pygments_lexer": "ipython3",
   "version": "3.10.8"
  },
  "orig_nbformat": 4,
  "vscode": {
   "interpreter": {
    "hash": "aee8b7b246df8f9039afb4144a1f6fd8d2ca17a180786b69acc140d282b71a49"
   }
  }
 },
 "nbformat": 4,
 "nbformat_minor": 2
}
